56,63
56,62
56,61
56,60
56,59
56,58
56,57
56,56
56,55
56,54
56,53
56,52
56,51
56,50
56,49
56,48
56,47
56,46
56,45
56,44
56,43
56,42
56,41
56,40
56,39
56,38
56,37
56,36
56,35
10,185
10,23
10,105
10,147
10,217
10,167
10,197
10,311
11,4
11,14
11,5
11,22
8,17
8,13
53,3
53,2
53,1
53,0
20,3
20,2
20,1
19,3
19,2
19,1
18,3
18,1
14,3
14,1
13,3
13,1
12,3
12,2
12,1
11,29
11,26
11,25
11,24
11,21
11,20
11,19
11,18
11,13
11,9
11,8
11,7
11,3
11,2
11,1
10,295
10,247
10,229
10,199
10,193
10,173
10,153
10,141
10,139
10,107
10,101
10,85
10,83
10,81
10,19
10,3
10,2
10,1
9,7
9,5
9,3
9,2
9,1
8,18
